2471 054
2584 052
2615 039
2632 050
2664 040
2720 005
2848 031
2859 051
2924 035
2933 056
2941 009
2964 058
3056 038
3057 033
3084 055
3108 023
3119 024
3130 043
3172 010
3206 007
3216 027
3226 018
3246 034
3309 019
3317 053
3370 026
3426 044
3431 008
3455 032
3479 045
3486 022
3545 036
3613 041
3673 006
3749 021
3761 060
3768 020
3778 049
3787 057
3899 047
3947 013
3981 046
4014 003
4106 048
4188 059
4235 012
4251 001
4312 028
4327 029
4332 002
4332 004
4450 025
4512 017
4514 030
4520 037
4701 042
4777 011
7152 015
7288 016
7363 014
